5.491606714628297636e-01
5.875299760191846632e-01
6.402877697841726778e-01
6.426858513189448452e-01
6.402877697841726778e-01
6.402877697841726778e-01
6.402877697841726778e-01
6.426858513189448452e-01
6.426858513189448452e-01
6.450839328537170125e-01
6.522781774580336256e-01
6.546762589928057929e-01
6.546762589928057929e-01
6.570743405275779603e-01
6.546762589928057929e-01
6.522781774580336256e-01
6.546762589928057929e-01
6.522781774580336256e-01
6.546762589928057929e-01
6.570743405275779603e-01
6.594724220623501276e-01
6.618705035971222950e-01
6.642685851318944623e-01
6.642685851318944623e-01
6.642685851318944623e-01
6.618705035971222950e-01
6.642685851318944623e-01
6.642685851318944623e-01
6.642685851318944623e-01
6.642685851318944623e-01
6.666666666666666297e-01
6.666666666666666297e-01
6.642685851318944623e-01
6.642685851318944623e-01
6.642685851318944623e-01
6.642685851318944623e-01
6.690647482014387970e-01
6.714628297362110754e-01
6.738609112709832427e-01
6.738609112709832427e-01
6.738609112709832427e-01
6.762589928057554101e-01
6.762589928057554101e-01
6.810551558752997447e-01
6.810551558752997447e-01
6.834532374100719121e-01
6.858513189448440794e-01
6.858513189448440794e-01
6.882494004796163578e-01
6.882494004796163578e-01
6.858513189448440794e-01
6.906474820143885252e-01
6.930455635491606925e-01
6.930455635491606925e-01
6.906474820143885252e-01
6.906474820143885252e-01
6.906474820143885252e-01
6.906474820143885252e-01
6.930455635491606925e-01
6.906474820143885252e-01
6.906474820143885252e-01
6.858513189448440794e-01
6.834532374100719121e-01
6.834532374100719121e-01
6.858513189448440794e-01
6.882494004796163578e-01
6.906474820143885252e-01
6.978417266187050272e-01
7.002398081534771945e-01
7.002398081534771945e-01
