8.232961461412534598e-01
8.013761083570887234e-01
7.949562597331955027e-01
7.902246960918966057e-01
7.844672567552799514e-01
7.806431955570797276e-01
7.781451212988197419e-01
7.760144485701188088e-01
7.740664614333236937e-01
7.722329570235108021e-01
7.704313690427967432e-01
7.688496117826274512e-01
7.673367728575242186e-01
7.659577052656123541e-01
7.645667419730902692e-01
7.633421818415323523e-01
7.620405908539998885e-01
7.608381246062491110e-01
7.596634657119961664e-01
7.585142153344279770e-01
7.574165073944796323e-01
7.563748373973855355e-01
7.552990030756385753e-01
7.542389444024156786e-01
7.531624492838514540e-01
7.521279543566761205e-01
7.511145371756107192e-01
7.501619591129770059e-01
7.491097978407816882e-01
7.481431282109779479e-01
7.471558435929479547e-01
7.460940937629992886e-01
7.451295701862811205e-01
7.440630413359589079e-01
7.430685329065620515e-01
7.420155811224052878e-01
7.409374866125394421e-01
7.398737844446008349e-01
7.387364352349754526e-01
7.376628538473046781e-01
7.364726790206895801e-01
7.353035948759646390e-01
7.341247340686601897e-01
7.329878991456340032e-01
7.318226273039833973e-01
7.305370989463312315e-01
7.294885345714555713e-01
7.281943354174958971e-01
7.270782463770690818e-01
7.257933933600533294e-01
7.246737193575294445e-01
7.234245141347249719e-01
7.221443321493318246e-01
7.208662856754353143e-01
7.195174370666773678e-01
7.182781786369762944e-01
7.167154801406449005e-01
7.155941822688928200e-01
7.136051868863528824e-01
7.122532029231961603e-01
7.106283650123815798e-01
7.091515089968125629e-01
7.071573800391716125e-01
7.061908082138720344e-01
7.034847699552416733e-01
7.024546151967356877e-01
6.998958475441098281e-01
6.984819877776596853e-01
6.957758938094122936e-01
6.944764418710621667e-01
